0 0.877404 0.760817 0.240385 0.103365
0 0.534856 0.531250 0.137019 0.043269
0 0.536058 0.195913 0.153846 0.055288
0 0.533654 0.608173 0.139423 0.043269
0 0.536058 0.569712 0.134615 0.043269
0 0.536058 0.495192 0.134615 0.038462
0 0.679087 0.497596 0.108173 0.028846
0 0.537260 0.645433 0.132212 0.040865
0 0.540865 0.349760 0.139423 0.045673
0 0.540865 0.388221 0.134615 0.040865
0 0.676683 0.549279 0.098558 0.040865
0 0.676683 0.521635 0.103365 0.033654
0 0.537260 0.460337 0.137019 0.036058
0 0.543269 0.719952 0.129808 0.050481
0 0.676683 0.603365 0.098558 0.043269
0 0.712740 0.418269 0.170673 0.028846
0 0.539663 0.239183 0.141827 0.055288
0 0.542067 0.312500 0.141827 0.043269
0 0.704327 0.358173 0.177885 0.033654
0 0.538462 0.425481 0.134615 0.038462
0 0.711538 0.391827 0.173077 0.028846
0 0.808894 0.507212 0.165865 0.033654
0 0.810096 0.536058 0.163462 0.028846
0 0.540865 0.683894 0.134615 0.036058
0 0.533654 0.116587 0.163462 0.064904
0 0.810096 0.563702 0.163462 0.036058
0 0.709135 0.444712 0.173077 0.028846