0 0.048077 0.015625 0.096154 0.031250
0 0.141827 0.281250 0.216346 0.057692
0 0.049279 0.042067 0.098558 0.031250
0 0.049279 0.069712 0.098558 0.033654
0 0.050481 0.097356 0.100962 0.031250
0 0.131010 0.163462 0.209135 0.052885
0 0.016827 0.241587 0.033654 0.036058
0 0.018029 0.268029 0.036058 0.040865
0 0.015625 0.213942 0.031250 0.033654
0 0.140625 0.225962 0.213942 0.038462
0 0.016827 0.187500 0.033654 0.028846
0 0.150240 0.046875 0.108173 0.026442
0 0.050481 0.127404 0.100962 0.033654
0 0.152644 0.022837 0.112981 0.026442
0 0.018029 0.159856 0.036058 0.036058