0 0.219952 0.199519 0.036058 0.028846
0 0.217548 0.251202 0.036058 0.031250
0 0.325721 0.140625 0.026442 0.026442
0 0.259615 0.131010 0.038462 0.040865
0 0.254808 0.235577 0.038462 0.033654
0 0.174279 0.287260 0.045673 0.036058
0 0.322115 0.181490 0.024038 0.031250
0 0.081731 0.186298 0.048077 0.036058
0 0.300481 0.088942 0.033654 0.033654
0 0.326923 0.099760 0.024038 0.026442
0 0.147837 0.050481 0.050481 0.048077
0 0.227163 0.106971 0.031250 0.036058
0 0.963942 0.240385 0.048077 0.086538
0 0.027644 0.229567 0.055288 0.045673
0 0.973558 0.459135 0.052885 0.057692
0 0.076923 0.248798 0.043269 0.036058
0 0.230769 0.057692 0.033654 0.033654
0 0.302885 0.256010 0.062500 0.026442
0 0.371394 0.219952 0.026442 0.031250
0 0.213942 0.304087 0.038462 0.026442
0 0.181490 0.192308 0.045673 0.038462
0 0.266827 0.055288 0.038462 0.038462
0 0.235577 0.014423 0.033654 0.028846
0 0.105769 0.021635 0.038462 0.038462
0 0.194712 0.081731 0.043269 0.043269
0 0.251202 0.317308 0.040865 0.028846
0 0.295673 0.157452 0.033654 0.036058
0 0.080529 0.122596 0.064904 0.038462
0 0.328125 0.061298 0.026442 0.026442
0 0.347356 0.198317 0.026442 0.026442
0 0.230769 0.611779 0.091346 0.040865
0 0.301683 0.299279 0.060096 0.021635
0 0.125000 0.266827 0.052885 0.038462
0 0.375000 0.300481 0.033654 0.024038
0 0.299279 0.606971 0.050481 0.031250
0 0.085337 0.614183 0.122596 0.055288
0 0.388221 0.448317 0.036058 0.016827
0 0.823317 0.647837 0.088942 0.055288
0 0.832933 0.193510 0.026442 0.060096
0 0.284856 0.429087 0.036058 0.021635
0 0.164663 0.602163 0.045673 0.040865
0 0.270433 0.026442 0.036058 0.038462