0 0.793269 0.417067 0.192308 0.064904
0 0.725962 0.923077 0.274038 0.153846
0 0.795673 0.491587 0.197115 0.055288
0 0.627404 0.478365 0.139423 0.048077
0 0.616587 0.294471 0.156250 0.060096
0 0.793269 0.338942 0.197115 0.067308
0 0.788462 0.230769 0.182692 0.081731
0 0.625000 0.543269 0.134615 0.048077
0 0.621394 0.388221 0.151442 0.055288
0 0.616587 0.135817 0.161058 0.084135
0 0.616587 0.195913 0.161058 0.064904
0 0.796875 0.560096 0.199519 0.043269
0 0.867788 0.751202 0.067308 0.055288
0 0.866587 0.710337 0.064904 0.050481
0 0.867788 0.632212 0.062500 0.048077
0 0.984375 0.570913 0.031250 0.021635
0 0.800481 0.592548 0.192308 0.040865