0 0.066106 0.362981 0.103365 0.062500
0 0.164663 0.385817 0.093750 0.055288
0 0.399038 0.451923 0.048077 0.038462
0 0.052885 0.695913 0.105769 0.055288
0 0.441106 0.460337 0.036058 0.031250
0 0.408654 0.260817 0.052885 0.060096
0 0.343750 0.211538 0.043269 0.048077
0 0.479567 0.469952 0.036058 0.031250
0 0.546875 0.254808 0.103365 0.048077
0 0.396635 0.649038 0.057692 0.043269
0 0.903846 0.313702 0.024038 0.050481
0 0.596154 0.307692 0.076923 0.038462
0 0.455529 0.289663 0.040865 0.040865
0 0.283654 0.414663 0.048077 0.040865
0 0.858173 0.069712 0.024038 0.062500
0 0.164663 0.686298 0.098558 0.050481
0 0.486779 0.627404 0.036058 0.028846
0 0.236779 0.405048 0.045673 0.045673
0 0.515625 0.340144 0.036058 0.036058
0 0.728365 0.578125 0.024038 0.012019