0 0.076923 0.550481 0.072115 0.043269
0 0.164663 0.564904 0.098558 0.048077
0 0.079327 0.627404 0.076923 0.052885
0 0.092548 0.199519 0.088942 0.052885
0 0.078125 0.474760 0.069712 0.036058
0 0.080529 0.399038 0.074519 0.043269
0 0.165865 0.657452 0.100962 0.064904
0 0.533654 0.689904 0.182692 0.067308
0 0.098558 0.137019 0.086538 0.062500
0 0.164663 0.472356 0.098558 0.040865
0 0.126202 0.078125 0.127404 0.069712
0 0.022837 0.483173 0.036058 0.033654
0 0.031250 0.240385 0.033654 0.043269
0 0.036058 0.186298 0.033654 0.050481
0 0.044471 0.126202 0.040865 0.055288
0 0.165865 0.381010 0.096154 0.050481
0 0.027644 0.304087 0.040865 0.050481