0 0.068510 0.296875 0.122596 0.055288
0 0.319712 0.097356 0.067308 0.069712
0 0.388221 0.111779 0.074519 0.050481
0 0.064904 0.461538 0.125000 0.038462
0 0.443510 0.182692 0.040865 0.048077
0 0.318510 0.042067 0.069712 0.055288
0 0.087740 0.066106 0.093750 0.069712
0 0.689904 0.637019 0.105769 0.048077
0 0.387019 0.155048 0.067308 0.060096
0 0.481971 0.233173 0.050481 0.033654
0 0.070913 0.620192 0.112981 0.043269
0 0.219952 0.022837 0.137019 0.045673
0 0.484375 0.316106 0.045673 0.036058
0 0.789663 0.580529 0.040865 0.016827
0 0.229567 0.149038 0.088942 0.062500
0 0.461538 0.492788 0.076923 0.019231
0 0.587740 0.620192 0.088942 0.033654
0 0.519231 0.336538 0.024038 0.028846
0 0.519231 0.257212 0.024038 0.028846
0 0.489183 0.570913 0.031250 0.021635