0 0.225962 0.241587 0.187500 0.146635
0 0.372596 0.747596 0.120192 0.100962
0 0.373798 0.316106 0.112981 0.103365
0 0.216346 0.795673 0.197115 0.144231
0 0.473558 0.707933 0.081731 0.069712
0 0.518029 0.401442 0.055288 0.052885
0 0.520433 0.152644 0.050481 0.088942
0 0.468750 0.063702 0.072115 0.108173
0 0.562500 0.215144 0.038462 0.069712
0 0.526442 0.668269 0.033654 0.043269
0 0.068510 0.127404 0.137019 0.206731
0 0.770433 0.602163 0.069712 0.031250
0 0.552885 0.653846 0.028846 0.038462
0 0.597356 0.056490 0.026442 0.060096