0 0.197115 0.343750 0.197115 0.105769
0 0.507212 0.348558 0.100962 0.072115
0 0.965144 0.372596 0.069712 0.033654
0 0.378606 0.340144 0.161058 0.084135
0 0.966346 0.417067 0.067308 0.026442
0 0.054087 0.355769 0.108173 0.115385
0 0.924279 0.269231 0.060096 0.024038
0 0.413462 0.616587 0.134615 0.127404
0 0.921875 0.239183 0.060096 0.026442
0 0.528846 0.551683 0.182692 0.093750
0 0.915865 0.168269 0.057692 0.024038
0 0.587740 0.353365 0.069712 0.067308
0 0.965144 0.328125 0.064904 0.031250
0 0.502404 0.050481 0.192308 0.100962
0 0.919471 0.301683 0.036058 0.021635
0 0.918269 0.197115 0.057692 0.028846
0 0.967548 0.456731 0.064904 0.028846