0 0.853365 0.771635 0.254808 0.134615
0 0.598558 0.472356 0.139423 0.064904
0 0.080529 0.596154 0.079327 0.081731
0 0.020433 0.576923 0.040865 0.105769
0 0.054087 0.813702 0.108173 0.103365
0 0.400240 0.699519 0.074519 0.043269
0 0.903846 0.256010 0.072115 0.055288
0 0.317308 0.682692 0.048077 0.028846
0 0.079327 0.371394 0.067308 0.108173
0 0.688702 0.746394 0.132212 0.103365
0 0.027644 0.281250 0.055288 0.177885
0 0.860577 0.387019 0.033654 0.048077
0 0.138221 0.435096 0.045673 0.076923
0 0.842548 0.073317 0.084135 0.069712