0 0.871394 0.925481 0.247596 0.149038
0 0.040865 0.325721 0.081731 0.122596
0 0.729567 0.861779 0.108173 0.137019
0 0.167067 0.729567 0.055288 0.060096
0 0.140625 0.163462 0.137019 0.110577
0 0.724760 0.305288 0.252404 0.125000
0 0.788462 0.204327 0.312500 0.187500
0 0.094952 0.084135 0.141827 0.129808
0 0.230769 0.104567 0.086538 0.084135
0 0.081731 0.733173 0.125000 0.081731
0 0.200721 0.282452 0.127404 0.079327
0 0.653846 0.506010 0.149038 0.079327
0 0.605769 0.788462 0.052885 0.076923
0 0.210337 0.725962 0.036058 0.048077