0 0.872596 0.115385 0.254808 0.230769
0 0.671875 0.377404 0.180288 0.091346
0 0.877404 0.701923 0.163462 0.115385
0 0.609375 0.192308 0.137019 0.096154
0 0.737981 0.700721 0.096154 0.093750
0 0.664663 0.703125 0.064904 0.055288
0 0.787260 0.240385 0.252404 0.158654
0 0.661058 0.656250 0.072115 0.062500
0 0.975962 0.706731 0.048077 0.144231
0 0.050481 0.848558 0.100962 0.120192
0 0.557692 0.283654 0.100962 0.062500
0 0.614183 0.689904 0.040865 0.057692
0 0.100962 0.078125 0.173077 0.132212
0 0.378606 0.687500 0.040865 0.019231
0 0.581731 0.683894 0.038462 0.045673