0 0.161058 0.156250 0.322115 0.264423
0 0.161058 0.509615 0.322115 0.250000
0 0.405048 0.637019 0.175481 0.177885
0 0.159856 0.806490 0.319712 0.343750
0 0.413462 0.143029 0.192308 0.180288
0 0.408654 0.340144 0.192308 0.127404
0 0.408654 0.449519 0.182692 0.129808
0 0.550481 0.776442 0.120192 0.153846
0 0.408654 0.823317 0.173077 0.209135
0 0.549279 0.637019 0.112981 0.129808
0 0.555288 0.281250 0.110577 0.096154
0 0.557692 0.203125 0.110577 0.112981
0 0.551683 0.429087 0.117788 0.093750
0 0.554087 0.352163 0.112981 0.088942
0 0.551683 0.500000 0.117788 0.105769
0 0.556490 0.063702 0.108173 0.127404
0 0.638221 0.575721 0.064904 0.084135
0 0.639423 0.679087 0.067308 0.103365
0 0.645433 0.189904 0.079327 0.091346
0 0.639423 0.411058 0.072115 0.067308
0 0.652644 0.037260 0.079327 0.074519
0 0.640625 0.355769 0.074519 0.062500
0 0.640625 0.468750 0.064904 0.072115
0 0.641827 0.301683 0.081731 0.074519
0 0.694712 0.361779 0.048077 0.060096
0 0.698317 0.141827 0.036058 0.062500
0 0.719952 0.031250 0.060096 0.062500
0 0.694712 0.406250 0.048077 0.052885
0 0.691106 0.271635 0.040865 0.067308
0 0.687500 0.579327 0.043269 0.067308
0 0.734375 0.168269 0.045673 0.067308