0 0.450721 0.058894 0.045673 0.036058
0 0.356971 0.050481 0.146635 0.048077
0 0.449519 0.127404 0.048077 0.033654
0 0.355769 0.096154 0.134615 0.038462
0 0.496394 0.064904 0.040865 0.033654
0 0.057692 0.810096 0.115385 0.216346
0 0.493990 0.127404 0.036058 0.033654
0 0.493990 0.091346 0.036058 0.033654
0 0.449519 0.170673 0.048077 0.033654
0 0.451923 0.015625 0.048077 0.031250
0 0.356971 0.014423 0.137019 0.028846
0 0.557692 0.088942 0.028846 0.028846
0 0.557692 0.054087 0.028846 0.026442
0 0.525240 0.127404 0.026442 0.033654
0 0.560096 0.031250 0.028846 0.024038
0 0.526442 0.045673 0.028846 0.028846
0 0.526442 0.162260 0.028846 0.026442
0 0.526442 0.072115 0.028846 0.033654
0 0.528846 0.016827 0.028846 0.033654
0 0.527644 0.204327 0.026442 0.028846
0 0.449519 0.100962 0.048077 0.033654
0 0.497596 0.032452 0.038462 0.036058