0 0.902644 0.824519 0.194712 0.264423
0 0.502404 0.584135 0.062500 0.086538
0 0.576923 0.629808 0.100962 0.115385
0 0.724760 0.717548 0.199519 0.180288
0 0.457933 0.556490 0.045673 0.064904
0 0.034856 0.676683 0.069712 0.127404
0 0.254808 0.490385 0.038462 0.028846
0 0.080529 0.623798 0.050481 0.074519
0 0.561298 0.133413 0.093750 0.137019
0 0.700721 0.056490 0.185096 0.112981
0 0.114183 0.593750 0.031250 0.057692
0 0.216346 0.497596 0.038462 0.024038
0 0.037260 0.052885 0.074519 0.105769
0 0.512019 0.251202 0.173077 0.079327
0 0.424279 0.532452 0.031250 0.050481
0 0.300481 0.481971 0.043269 0.026442
0 0.128606 0.270433 0.093750 0.050481