0 0.056490 0.806490 0.112981 0.204327
0 0.554087 0.176683 0.026442 0.026442
0 0.555288 0.105769 0.028846 0.024038
0 0.555288 0.127404 0.028846 0.024038
0 0.581731 0.104567 0.028846 0.026442
0 0.557692 0.072115 0.028846 0.028846
0 0.522837 0.179087 0.036058 0.026442
0 0.580529 0.139423 0.026442 0.024038
0 0.582933 0.079327 0.026442 0.028846
0 0.524038 0.070913 0.033654 0.031250
0 0.450721 0.013221 0.045673 0.026442
0 0.579327 0.176683 0.024038 0.021635
0 0.492788 0.043269 0.033654 0.038462
0 0.521635 0.201923 0.038462 0.024038
0 0.557692 0.032452 0.028846 0.026442
0 0.526442 0.040865 0.033654 0.028846
0 0.554087 0.211538 0.026442 0.024038
0 0.580529 0.158654 0.026442 0.024038
0 0.604567 0.106971 0.021635 0.026442
0 0.604567 0.141827 0.021635 0.024038
0 0.521635 0.104567 0.038462 0.031250
0 0.602163 0.189904 0.021635 0.024038
0 0.376202 0.122596 0.093750 0.043269
0 0.496394 0.012019 0.036058 0.024038
0 0.528846 0.015625 0.028846 0.031250
0 0.582933 0.039663 0.026442 0.031250