0 0.137019 0.777644 0.129808 0.117788
0 0.137019 0.655048 0.134615 0.103365
0 0.097356 0.411058 0.194712 0.086538
0 0.097356 0.288462 0.194712 0.105769
0 0.098558 0.473558 0.197115 0.086538
0 0.050481 0.062500 0.100962 0.125000
0 0.219952 0.430288 0.064904 0.062500
0 0.231971 0.759615 0.064904 0.086538
0 0.217548 0.175481 0.060096 0.081731
0 0.216346 0.382212 0.062500 0.072115
0 0.143029 0.145433 0.098558 0.127404
0 0.284856 0.563702 0.055288 0.055288
0 0.139423 0.903846 0.134615 0.129808
0 0.217548 0.040865 0.060096 0.081731
0 0.229567 0.669471 0.064904 0.074519
0 0.221154 0.477163 0.062500 0.055288
0 0.229567 0.573317 0.064904 0.064904
0 0.104567 0.536058 0.194712 0.081731
0 0.281250 0.444712 0.057692 0.048077
0 0.290865 0.792067 0.057692 0.084135
0 0.319712 0.421875 0.028846 0.045673
0 0.223558 0.526442 0.062500 0.057692
0 0.276442 0.364183 0.052885 0.060096
0 0.801683 0.276442 0.098558 0.048077
0 0.290865 0.715144 0.057692 0.074519
0 0.235577 0.861779 0.067308 0.112981
0 0.283654 0.524038 0.052885 0.048077
0 0.283654 0.484375 0.052885 0.045673
0 0.149038 0.039663 0.081731 0.079327
0 0.936298 0.659856 0.127404 0.069712
0 0.218750 0.330529 0.062500 0.079327
0 0.272837 0.270433 0.055288 0.084135
0 0.289663 0.637019 0.055288 0.067308
0 0.325721 0.550481 0.026442 0.038462
0 0.318510 0.389423 0.031250 0.048077
0 0.329327 0.644231 0.028846 0.043269
0 0.531250 0.394231 0.028846 0.009615