0 0.740385 0.510817 0.115385 0.045673
0 0.618990 0.436298 0.098558 0.036058
0 0.366587 0.747596 0.382212 0.230769
0 0.627404 0.287260 0.105769 0.036058
0 0.631010 0.227163 0.103365 0.040865
0 0.742788 0.448317 0.115385 0.040865
0 0.526442 0.311298 0.100962 0.036058
0 0.629808 0.258413 0.105769 0.036058
0 0.754808 0.223558 0.120192 0.038462
0 0.860577 0.552885 0.125000 0.057692
0 0.622596 0.349760 0.100962 0.036058
0 0.746394 0.352163 0.112981 0.040865
0 0.748798 0.320913 0.112981 0.040865
0 0.526442 0.252404 0.100962 0.038462
0 0.750000 0.289663 0.115385 0.040865
0 0.743990 0.384615 0.112981 0.038462
0 0.753606 0.258413 0.117788 0.040865
0 0.441106 0.275240 0.084135 0.036058
0 0.617788 0.495192 0.100962 0.038462
0 0.743990 0.417067 0.112981 0.040865
0 0.526442 0.222356 0.105769 0.036058
0 0.621394 0.378606 0.098558 0.036058
0 0.632212 0.195913 0.105769 0.040865
0 0.625000 0.318510 0.100962 0.036058
0 0.522837 0.397837 0.098558 0.040865
0 0.756010 0.187500 0.122596 0.048077
0 0.524038 0.427885 0.096154 0.038462
0 0.525240 0.282452 0.103365 0.040865
0 0.618990 0.525240 0.098558 0.040865
0 0.617788 0.407452 0.100962 0.036058
0 0.635817 0.118990 0.112981 0.040865
0 0.525240 0.338942 0.098558 0.038462
0 0.617788 0.465144 0.096154 0.036058
0 0.450721 0.049279 0.088942 0.040865
0 0.537260 0.039663 0.093750 0.040865
0 0.522837 0.368990 0.098558 0.040865
0 0.438702 0.334135 0.079327 0.038462
0 0.641827 0.087740 0.120192 0.045673
0 0.223558 0.104567 0.067308 0.031250
0 0.449519 0.132212 0.091346 0.038462
0 0.438702 0.302885 0.079327 0.038462
0 0.635817 0.022837 0.103365 0.040865
0 0.532452 0.094952 0.093750 0.036058
0 0.444712 0.105769 0.081731 0.033654
0 0.527644 0.194712 0.098558 0.038462
0 0.450721 0.080529 0.084135 0.036058
0 0.223558 0.129808 0.067308 0.033654
0 0.439904 0.391827 0.076923 0.033654
0 0.164663 0.022837 0.050481 0.031250
0 0.451923 0.016827 0.081731 0.033654
0 0.532452 0.125000 0.093750 0.038462
0 0.164663 0.045673 0.055288 0.028846
0 0.219952 0.033654 0.064904 0.033654
0 0.222356 0.079327 0.064904 0.033654
0 0.435096 0.365385 0.076923 0.028846
0 0.972356 0.567308 0.055288 0.076923
0 0.372596 0.031250 0.072115 0.033654
0 0.164663 0.067308 0.055288 0.028846
0 0.376202 0.085337 0.064904 0.036058
0 0.373798 0.058894 0.069712 0.031250
0 0.635817 0.056490 0.108173 0.036058
0 0.438702 0.417067 0.079327 0.036058
0 0.540865 0.013221 0.100962 0.026442
0 0.438702 0.473558 0.079327 0.033654
0 0.741587 0.478365 0.112981 0.038462