0 0.131010 0.659856 0.156250 0.141827
0 0.715144 0.609375 0.064904 0.079327
0 0.240385 0.608173 0.081731 0.086538
0 0.211538 0.061298 0.216346 0.122596
0 0.757212 0.055288 0.216346 0.110577
0 0.813702 0.667067 0.141827 0.146635
0 0.301683 0.576923 0.055288 0.062500
0 0.938702 0.783654 0.122596 0.235577
0 0.707933 0.135817 0.165865 0.088942
0 0.268029 0.140625 0.170673 0.084135
0 0.340144 0.555288 0.031250 0.043269
0 0.668269 0.578125 0.043269 0.060096
0 0.019231 0.736779 0.038462 0.175481
0 0.634615 0.558894 0.028846 0.040865
0 0.365385 0.543269 0.024038 0.038462