0 0.144231 0.673077 0.158654 0.153846
0 0.263221 0.610577 0.088942 0.096154
0 0.900240 0.681490 0.161058 0.161058
0 0.737981 0.126202 0.177885 0.103365
0 0.693510 0.556490 0.088942 0.055288
0 0.783654 0.621394 0.096154 0.103365
0 0.558894 0.519231 0.055288 0.028846
0 0.507212 0.519231 0.052885 0.028846
0 0.326923 0.575721 0.057692 0.069712
0 0.616587 0.518029 0.060096 0.031250
0 0.037260 0.760817 0.074519 0.213942
0 0.447115 0.519231 0.052885 0.028846
0 0.396635 0.519231 0.048077 0.028846
0 0.245192 0.058894 0.211538 0.117788
0 0.393029 0.293269 0.050481 0.033654
0 0.447115 0.292067 0.057692 0.031250
0 0.506010 0.292067 0.055288 0.036058
0 0.365385 0.556490 0.038462 0.045673
0 0.290865 0.138221 0.177885 0.093750
0 0.561298 0.289663 0.055288 0.031250