0 0.296875 0.808894 0.161058 0.146635
0 0.108173 0.907452 0.216346 0.185096
0 0.414663 0.751202 0.079327 0.069712
0 0.376202 0.066106 0.252404 0.132212
0 0.944712 0.770433 0.076923 0.079327
0 0.484375 0.723558 0.060096 0.048077
0 0.780048 0.534856 0.084135 0.021635
0 0.548077 0.253606 0.043269 0.093750
0 0.778846 0.582933 0.076923 0.016827
0 0.778846 0.552885 0.081731 0.019231
0 0.781250 0.503606 0.086538 0.021635
0 0.780048 0.598558 0.079327 0.019231
0 0.778846 0.567308 0.076923 0.019231
0 0.644231 0.665865 0.067308 0.028846
0 0.531250 0.698317 0.033654 0.040865
0 0.780048 0.616587 0.079327 0.016827