0 0.280048 0.800481 0.242788 0.158654
0 0.091346 0.896635 0.182692 0.201923
0 0.560096 0.743990 0.134615 0.074519
0 0.974760 0.745192 0.050481 0.072115
0 0.443510 0.745192 0.117788 0.081731
0 0.646635 0.697115 0.057692 0.057692
0 0.805288 0.236779 0.038462 0.012019
0 0.853365 0.234375 0.038462 0.016827
0 0.894231 0.231971 0.038462 0.016827
0 0.894231 0.245192 0.038462 0.014423
0 0.894231 0.218750 0.038462 0.014423
0 0.806490 0.217548 0.036058 0.012019
0 0.853365 0.254808 0.038462 0.014423
0 0.853365 0.221154 0.038462 0.014423