0 0.090144 0.728365 0.180288 0.197115
0 0.224760 0.644231 0.108173 0.115385
0 0.935096 0.719952 0.129808 0.170673
0 0.796875 0.598558 0.180288 0.081731
0 0.308894 0.596154 0.060096 0.072115
0 0.347356 0.213942 0.127404 0.062500
0 0.665865 0.557692 0.028846 0.043269
0 0.275240 0.106971 0.194712 0.098558
0 0.348558 0.568510 0.038462 0.055288
0 0.693510 0.573317 0.036058 0.050481
0 0.816106 0.046875 0.218750 0.093750
0 0.402644 0.543269 0.021635 0.033654
0 0.739183 0.153846 0.170673 0.081731
0 0.377404 0.556490 0.033654 0.040865