0 0.919471 0.170673 0.045673 0.019231
0 0.813702 0.183894 0.040865 0.016827
0 0.872596 0.164663 0.043269 0.016827
0 0.816106 0.133413 0.040865 0.016827
0 0.921875 0.144231 0.040865 0.019231
0 0.765625 0.165865 0.045673 0.019231
0 0.813702 0.157452 0.040865 0.016827
0 0.811298 0.229567 0.045673 0.016827
0 0.918269 0.195913 0.043269 0.016827
0 0.766827 0.132212 0.043269 0.014423
0 0.868990 0.230769 0.040865 0.019231
0 0.812500 0.215144 0.043269 0.016827
0 0.871394 0.177885 0.040865 0.019231
0 0.871394 0.201923 0.040865 0.019231
0 0.971154 0.168269 0.048077 0.019231
0 0.971154 0.194712 0.048077 0.019231
0 0.870192 0.215144 0.043269 0.016827
0 0.867788 0.245192 0.043269 0.019231
0 0.766827 0.152644 0.043269 0.016827
0 0.764423 0.203125 0.043269 0.016827
0 0.807692 0.264423 0.048077 0.019231
0 0.768029 0.118990 0.040865 0.016827
0 0.814904 0.117788 0.043269 0.019231
0 0.971154 0.218750 0.048077 0.019231
0 0.766827 0.105769 0.043269 0.019231
0 0.764423 0.188702 0.043269 0.016827
0 0.923077 0.117788 0.038462 0.019231
0 0.765625 0.080529 0.045673 0.016827
0 0.756010 0.254808 0.050481 0.019231
0 0.914663 0.229567 0.045673 0.016827
0 0.971154 0.152644 0.048077 0.016827
0 0.872596 0.149038 0.043269 0.024038
0 0.913462 0.243990 0.043269 0.016827
0 0.760817 0.230769 0.045673 0.019231
0 0.866587 0.266827 0.040865 0.019231