0 0.784856 0.625000 0.194712 0.067308
0 0.233173 0.635817 0.163462 0.069712
0 0.783654 0.413462 0.201923 0.067308
0 0.215144 0.423077 0.194712 0.067308
0 0.721154 0.158654 0.149038 0.091346
0 0.043269 0.778846 0.086538 0.163462
0 0.276442 0.153846 0.144231 0.086538
0 0.586538 0.592548 0.062500 0.036058
0 0.586538 0.443510 0.062500 0.040865
0 0.302885 0.207933 0.120192 0.055288
0 0.693510 0.216346 0.141827 0.067308
0 0.522837 0.592548 0.064904 0.036058
0 0.329327 0.614183 0.024038 0.040865
0 0.629808 0.090144 0.048077 0.064904
0 0.350962 0.603365 0.024038 0.038462