0 0.752404 0.742788 0.216346 0.110577
0 0.925481 0.700721 0.139423 0.103365
0 0.566106 0.490385 0.127404 0.062500
0 0.396635 0.688702 0.067308 0.040865
0 0.080529 0.366587 0.064904 0.117788
0 0.072115 0.588942 0.072115 0.081731
0 0.021635 0.578125 0.043269 0.093750
0 0.027644 0.296875 0.055288 0.156250
0 0.032452 0.859375 0.064904 0.132212
0 0.129808 0.424279 0.048077 0.079327
0 0.044471 0.042067 0.088942 0.084135
0 0.319712 0.674279 0.043269 0.026442
0 0.866587 0.276442 0.074519 0.052885
0 0.134615 0.602163 0.057692 0.064904
0 0.853365 0.168269 0.072115 0.057692
0 0.812500 0.099760 0.076923 0.064904