0 0.408654 0.341346 0.105769 0.048077
0 0.325721 0.677885 0.228365 0.076923
0 0.590144 0.224760 0.117788 0.069712
0 0.481971 0.254808 0.098558 0.062500
0 0.521635 0.639423 0.081731 0.033654
0 0.843750 0.169471 0.120192 0.050481
0 0.848558 0.243990 0.120192 0.040865
0 0.394231 0.283654 0.072115 0.048077
0 0.718750 0.332933 0.125000 0.036058
0 0.721154 0.376202 0.125000 0.045673
0 0.712740 0.188702 0.122596 0.055288
0 0.612981 0.609375 0.052885 0.021635
0 0.836538 0.098558 0.043269 0.048077
0 0.856971 0.362981 0.127404 0.038462
0 0.322115 0.438702 0.062500 0.031250
0 0.957933 0.236779 0.084135 0.031250
0 0.825721 0.606971 0.060096 0.021635
0 0.557692 0.163462 0.052885 0.057692
0 0.323317 0.361779 0.064904 0.036058
0 0.795673 0.102163 0.043269 0.055288
0 0.748798 0.116587 0.050481 0.060096
0 0.875000 0.090144 0.043269 0.040865
0 0.625000 0.147837 0.052885 0.055288
0 0.677885 0.609375 0.076923 0.026442
0 0.514423 0.179087 0.038462 0.050481
0 0.329327 0.306490 0.062500 0.036058
0 0.590144 0.295673 0.117788 0.057692