0 0.167067 0.438702 0.247596 0.108173
0 0.174279 0.272837 0.257212 0.137019
0 0.176683 0.610577 0.223558 0.081731
0 0.462740 0.495192 0.098558 0.048077
0 0.371394 0.338942 0.103365 0.091346
0 0.205529 0.781250 0.175481 0.110577
0 0.367788 0.731971 0.100962 0.098558
0 0.358173 0.599760 0.115385 0.060096
0 0.462740 0.588942 0.098558 0.038462
0 0.462740 0.676683 0.093750 0.060096
0 0.491587 0.079327 0.069712 0.100962
0 0.490385 0.151442 0.067308 0.086538
0 0.366587 0.467548 0.098558 0.064904
0 0.546875 0.300481 0.045673 0.062500
0 0.548077 0.103365 0.043269 0.072115
0 0.491587 0.234375 0.064904 0.088942
0 0.346154 0.116587 0.221154 0.146635
0 0.543269 0.506010 0.057692 0.031250
0 0.545673 0.579327 0.067308 0.028846