0 0.319712 0.912260 0.144231 0.122596
0 0.855769 0.186298 0.153846 0.093750
0 0.518029 0.948317 0.334135 0.103365
0 0.865385 0.338942 0.158654 0.072115
0 0.868990 0.604567 0.161058 0.060096
0 0.731971 0.239183 0.117788 0.074519
0 0.825721 0.481971 0.084135 0.055288
0 0.786058 0.070913 0.134615 0.088942
0 0.263221 0.561298 0.213942 0.060096
0 0.219952 0.239183 0.170673 0.103365
0 0.692308 0.132212 0.134615 0.072115
0 0.754808 0.487981 0.062500 0.048077
0 0.605769 0.393029 0.048077 0.055288
0 0.602163 0.513221 0.050481 0.045673
0 0.213942 0.133413 0.182692 0.088942
0 0.647837 0.507212 0.050481 0.048077
0 0.146635 0.568510 0.033654 0.050481