0 0.093750 0.700721 0.187500 0.204327
0 0.897837 0.685096 0.204327 0.182692
0 0.689904 0.580529 0.048077 0.064904
0 0.691106 0.173077 0.146635 0.081731
0 0.753606 0.614183 0.093750 0.093750
0 0.209135 0.050481 0.235577 0.100962
0 0.652644 0.557692 0.031250 0.048077
0 0.262019 0.126202 0.197115 0.098558
0 0.298077 0.580529 0.052885 0.064904
0 0.629808 0.542067 0.024038 0.036058
0 0.241587 0.612981 0.088942 0.096154
0 0.367788 0.543269 0.028846 0.043269
0 0.438702 0.330529 0.050481 0.026442
0 0.336538 0.558894 0.038462 0.055288
0 0.439904 0.507212 0.043269 0.019231