0 0.197115 0.625000 0.168269 0.076923
0 0.051683 0.527644 0.103365 0.064904
0 0.050481 0.656250 0.100962 0.057692
0 0.046875 0.305288 0.093750 0.057692
0 0.169471 0.403846 0.137019 0.043269
0 0.308894 0.401442 0.137019 0.048077
0 0.046875 0.350962 0.093750 0.057692
0 0.046875 0.258413 0.093750 0.060096
0 0.048077 0.395433 0.096154 0.060096
0 0.179087 0.472356 0.137019 0.045673
0 0.180288 0.509615 0.129808 0.052885
0 0.312500 0.329327 0.139423 0.048077
0 0.049279 0.439904 0.098558 0.062500
0 0.054087 0.573317 0.108173 0.060096
0 0.181490 0.548077 0.127404 0.048077
0 0.306490 0.508413 0.137019 0.050481
0 0.173077 0.365385 0.134615 0.048077
0 0.192308 0.072115 0.173077 0.062500
0 0.472356 0.396635 0.156250 0.043269
0 0.471154 0.324519 0.153846 0.048077
0 0.046875 0.082933 0.093750 0.069712
0 0.609375 0.171875 0.117788 0.050481
0 0.311298 0.545673 0.132212 0.048077
0 0.609375 0.109375 0.117788 0.045673
0 0.174279 0.328125 0.137019 0.050481
0 0.173077 0.438702 0.134615 0.045673
0 0.611779 0.588942 0.112981 0.048077
0 0.471154 0.361779 0.158654 0.045673
0 0.312500 0.471154 0.134615 0.048077
0 0.788462 0.514423 0.086538 0.033654
0 0.463942 0.533654 0.168269 0.052885
0 0.313702 0.364183 0.141827 0.045673
0 0.478365 0.122596 0.139423 0.048077
0 0.189904 0.132212 0.177885 0.115385
0 0.611779 0.049279 0.117788 0.050481
0 0.312500 0.436298 0.149038 0.045673
0 0.046875 0.213942 0.093750 0.062500
0 0.319712 0.290865 0.153846 0.048077
0 0.468750 0.288462 0.158654 0.052885
0 0.788462 0.400240 0.086538 0.031250
0 0.324519 0.253606 0.177885 0.055288
0 0.788462 0.486779 0.086538 0.036058
0 0.788462 0.288462 0.086538 0.038462
0 0.323317 0.128606 0.098558 0.060096
0 0.471154 0.493990 0.158654 0.050481
0 0.788462 0.457933 0.081731 0.036058
0 0.311298 0.617788 0.108173 0.052885
0 0.789663 0.542067 0.084135 0.036058
0 0.471154 0.456731 0.153846 0.048077
0 0.330529 0.051683 0.112981 0.050481
0 0.045673 0.165865 0.091346 0.067308
0 0.189904 0.015625 0.168269 0.031250
0 0.788462 0.429087 0.081731 0.036058
0 0.789663 0.170673 0.074519 0.038462
0 0.475962 0.054087 0.134615 0.050481
0 0.325721 0.090144 0.103365 0.050481
0 0.790865 0.140625 0.076923 0.040865
0 0.706731 0.550481 0.086538 0.043269
0 0.882212 0.133413 0.072115 0.036058
0 0.790865 0.570913 0.081731 0.036058
0 0.794471 0.341346 0.074519 0.028846
0 0.789663 0.375000 0.088942 0.033654
0 0.349760 0.019231 0.151442 0.038462
0 0.792067 0.318510 0.079327 0.031250
0 0.474760 0.604567 0.146635 0.050481
0 0.878606 0.188702 0.069712 0.036058
0 0.798077 0.200721 0.091346 0.045673