0 0.943510 0.073317 0.112981 0.146635
0 0.838942 0.159856 0.096154 0.122596
0 0.945913 0.241587 0.108173 0.151442
0 0.572115 0.534856 0.110577 0.036058
0 0.864183 0.858173 0.112981 0.144231
0 0.576923 0.627404 0.105769 0.033654
0 0.572115 0.409856 0.110577 0.040865
0 0.572115 0.472356 0.110577 0.036058
0 0.579327 0.657452 0.100962 0.031250
0 0.576923 0.567308 0.110577 0.033654
0 0.576923 0.597356 0.110577 0.031250
0 0.573317 0.503606 0.112981 0.031250
0 0.573317 0.439904 0.112981 0.033654
0 0.572115 0.377404 0.105769 0.038462
0 0.769231 0.700721 0.067308 0.093750