0 0.776442 0.615385 0.096154 0.067308
0 0.243990 0.467548 0.185096 0.093750
0 0.774038 0.468750 0.096154 0.067308
0 0.669471 0.782452 0.141827 0.088942
0 0.412260 0.472356 0.175481 0.098558
0 0.225962 0.215144 0.201923 0.170673
0 0.858173 0.465144 0.086538 0.064904
0 0.561298 0.473558 0.137019 0.081731
0 0.674279 0.467548 0.103365 0.069712
0 0.558894 0.640625 0.137019 0.079327
0 0.080529 0.459135 0.161058 0.105769
0 0.673077 0.627404 0.120192 0.076923
0 0.848558 0.294471 0.086538 0.069712
0 0.866587 0.604567 0.084135 0.060096
0 0.931490 0.467548 0.069712 0.060096
0 0.078125 0.179087 0.156250 0.180288
0 0.868990 0.737981 0.098558 0.067308
0 0.765625 0.280048 0.088942 0.069712
0 0.393029 0.236779 0.175481 0.165865
0 0.497596 0.066106 0.197115 0.132212
0 0.837740 0.128606 0.093750 0.084135
0 0.665865 0.264423 0.100962 0.076923
0 0.985577 0.588942 0.028846 0.048077
0 0.920673 0.308894 0.072115 0.069712
0 0.938702 0.592548 0.074519 0.055288
0 0.973558 0.314904 0.052885 0.076923
0 0.764423 0.762019 0.120192 0.076923
0 0.557692 0.807692 0.129808 0.076923
0 0.632212 0.094952 0.139423 0.146635
0 0.978365 0.467548 0.043269 0.060096
0 0.981971 0.704327 0.036058 0.052885