0 0.040865 0.324519 0.081731 0.043269
0 0.046875 0.748798 0.093750 0.055288
0 0.043269 0.437500 0.086538 0.043269
0 0.138221 0.570913 0.108173 0.045673
0 0.268029 0.725962 0.112981 0.052885
0 0.043269 0.506010 0.086538 0.045673
0 0.144231 0.772837 0.110577 0.050481
0 0.043269 0.542067 0.086538 0.045673
0 0.043269 0.472356 0.086538 0.045673
0 0.264423 0.457933 0.110577 0.040865
0 0.138221 0.468750 0.108173 0.043269
0 0.140625 0.639423 0.108173 0.048077
0 0.140625 0.400240 0.112981 0.045673
0 0.264423 0.558894 0.110577 0.045673
0 0.043269 0.646635 0.086538 0.052885
0 0.138221 0.503606 0.108173 0.040865
0 0.268029 0.658654 0.112981 0.048077
0 0.263221 0.491587 0.108173 0.045673
0 0.139423 0.436298 0.110577 0.045673
0 0.143029 0.705529 0.108173 0.050481
0 0.038462 0.257212 0.076923 0.038462
0 0.381010 0.741587 0.108173 0.055288
0 0.275240 0.389423 0.137019 0.048077
0 0.037260 0.158654 0.074519 0.038462
0 0.138221 0.537260 0.108173 0.040865
0 0.265625 0.591346 0.108173 0.048077
0 0.037260 0.224760 0.074519 0.036058
0 0.128606 0.044471 0.108173 0.040865
0 0.128606 0.076923 0.108173 0.038462
0 0.271635 0.425481 0.125000 0.043269
0 0.129808 0.109375 0.110577 0.040865
0 0.141827 0.603365 0.105769 0.043269
0 0.043269 0.578125 0.086538 0.045673
0 0.134615 0.316106 0.115385 0.045673
0 0.043269 0.402644 0.086538 0.045673
0 0.038462 0.288462 0.076923 0.043269
0 0.129808 0.180288 0.105769 0.038462
0 0.127404 0.144231 0.105769 0.038462
0 0.036058 0.093750 0.072115 0.038462
0 0.512019 0.723558 0.100962 0.057692
0 0.037260 0.191106 0.074519 0.036058
0 0.131010 0.215144 0.108173 0.040865
0 0.037260 0.127404 0.074519 0.033654
0 0.044471 0.609375 0.088942 0.045673
0 0.036058 0.060096 0.072115 0.038462
0 0.132212 0.015625 0.115385 0.031250
0 0.129808 0.248798 0.110577 0.040865
0 0.450721 0.287260 0.108173 0.050481
0 0.729567 0.205529 0.242788 0.122596
0 0.034856 0.008413 0.069712 0.016827
0 0.036058 0.027644 0.072115 0.040865
0 0.137019 0.281250 0.120192 0.043269
0 0.855769 0.054087 0.283654 0.108173