0 0.519231 0.371394 0.206731 0.141827
0 0.498798 0.076923 0.189904 0.153846
0 0.675481 0.709135 0.091346 0.086538
0 0.251202 0.837740 0.180288 0.098558
0 0.111779 0.798077 0.141827 0.067308
0 0.086538 0.419471 0.033654 0.031250
0 0.090144 0.359375 0.031250 0.031250
0 0.762019 0.671875 0.105769 0.074519
0 0.061298 0.356971 0.031250 0.031250
0 0.082933 0.480769 0.036058 0.028846
0 0.051683 0.479567 0.031250 0.031250
0 0.558894 0.728365 0.156250 0.086538
0 0.721154 0.198317 0.125000 0.108173
0 0.026442 0.415865 0.028846 0.028846
0 0.187500 0.450721 0.033654 0.026442
0 0.056490 0.418269 0.031250 0.033654
0 0.698317 0.413462 0.122596 0.100962
0 0.067308 0.300481 0.033654 0.033654
0 0.290865 0.250000 0.072115 0.081731
0 0.118990 0.421875 0.036058 0.031250
0 0.192308 0.348558 0.033654 0.038462
0 0.156250 0.391827 0.038462 0.033654
0 0.118990 0.485577 0.036058 0.033654
0 0.396635 0.843750 0.149038 0.096154
0 0.191106 0.395433 0.036058 0.031250
0 0.155048 0.445913 0.036058 0.036058
0 0.161058 0.343750 0.038462 0.038462
0 0.825721 0.651442 0.045673 0.048077
0 0.031250 0.354567 0.028846 0.036058
0 0.818510 0.426683 0.036058 0.050481
0 0.122596 0.362981 0.033654 0.033654