0 0.042067 0.801683 0.084135 0.156250
0 0.887019 0.656250 0.120192 0.086538
0 0.123798 0.771635 0.112981 0.120192
0 0.207933 0.741587 0.060096 0.074519
0 0.951923 0.093750 0.096154 0.187500
0 0.121394 0.372596 0.103365 0.168269
0 0.703125 0.149038 0.180288 0.100962
0 0.602163 0.663462 0.026442 0.033654
0 0.199519 0.456731 0.067308 0.115385
0 0.662260 0.212740 0.146635 0.084135
0 0.042067 0.290865 0.084135 0.206731
0 0.259615 0.716346 0.043269 0.062500
0 0.753606 0.067308 0.209135 0.120192
0 0.372596 0.707933 0.052885 0.031250
0 0.968750 0.653846 0.062500 0.081731
0 0.276442 0.527644 0.028846 0.060096