0 0.304087 0.626202 0.146635 0.074519
0 0.900240 0.474760 0.194712 0.064904
0 0.081731 0.567308 0.163462 0.067308
0 0.046875 0.799279 0.093750 0.137019
0 0.902644 0.157452 0.108173 0.117788
0 0.823317 0.120192 0.088942 0.105769
0 0.132212 0.728365 0.081731 0.096154
0 0.814904 0.219952 0.072115 0.079327
0 0.977163 0.088942 0.045673 0.134615
0 0.125000 0.157452 0.067308 0.084135
0 0.308894 0.713942 0.137019 0.062500
0 0.897837 0.287260 0.084135 0.084135
0 0.129808 0.314904 0.057692 0.062500
0 0.817308 0.319712 0.072115 0.062500