0 0.887019 0.909856 0.225962 0.180288
0 0.459135 0.563702 0.091346 0.064904
0 0.161058 0.216346 0.043269 0.072115
0 0.594952 0.133413 0.112981 0.079327
0 0.560096 0.325721 0.033654 0.060096
0 0.170673 0.480769 0.033654 0.043269
0 0.132212 0.479567 0.048077 0.060096
0 0.901442 0.105769 0.197115 0.211538
0 0.094952 0.164663 0.088942 0.088942
0 0.673077 0.688702 0.192308 0.127404
0 0.200721 0.037260 0.074519 0.074519
0 0.193510 0.477163 0.021635 0.036058
0 0.629808 0.925481 0.365385 0.149038
0 0.838942 0.242788 0.264423 0.197115
0 0.686298 0.052885 0.194712 0.105769