0 0.135817 0.657452 0.146635 0.132212
0 0.725962 0.604567 0.067308 0.093750
0 0.241587 0.609375 0.079327 0.088942
0 0.770433 0.062500 0.223558 0.120192
0 0.875000 0.656250 0.250000 0.139423
0 0.311298 0.574519 0.050481 0.057692
0 0.325721 0.195913 0.127404 0.060096
0 0.344952 0.556490 0.031250 0.045673
0 0.667067 0.221154 0.122596 0.062500
0 0.034856 0.730769 0.069712 0.158654
0 0.676683 0.573317 0.040865 0.055288
0 0.644231 0.551683 0.028846 0.045673
0 0.622596 0.539663 0.019231 0.036058
0 0.371394 0.542067 0.026442 0.036058