0 0.133413 0.429087 0.266827 0.122596
0 0.139423 0.646635 0.259615 0.115385
0 0.701923 0.711538 0.225962 0.110577
0 0.901442 0.734375 0.197115 0.117788
0 0.370192 0.137019 0.096154 0.086538
0 0.334135 0.593750 0.110577 0.062500
0 0.067308 0.789663 0.134615 0.199519
0 0.896635 0.195913 0.206731 0.165865
0 0.308894 0.653846 0.074519 0.091346
0 0.058894 0.060096 0.117788 0.120192
0 0.134615 0.170673 0.269231 0.201923
0 0.331731 0.372596 0.168269 0.067308
0 0.222356 0.286058 0.247596 0.115385
0 0.701923 0.243990 0.225962 0.103365