0 0.153846 0.772837 0.283654 0.156250
0 0.621394 0.701923 0.194712 0.062500
0 0.460337 0.622596 0.088942 0.033654
0 0.414663 0.045673 0.050481 0.067308
0 0.525240 0.211538 0.060096 0.052885
0 0.472356 0.036058 0.055288 0.067308
0 0.746394 0.049279 0.055288 0.064904
0 0.638221 0.036058 0.050481 0.067308
0 0.582933 0.033654 0.055288 0.067308
0 0.651442 0.213942 0.067308 0.052885
0 0.687500 0.039663 0.052885 0.060096
0 0.466346 0.211538 0.057692 0.048077
0 0.526442 0.036058 0.052885 0.067308
0 0.314904 0.064904 0.048077 0.062500
0 0.582933 0.210337 0.060096 0.050481
0 0.361779 0.049279 0.050481 0.060096
0 0.710337 0.212740 0.055288 0.036058
0 0.460337 0.451923 0.088942 0.052885
0 0.760817 0.227163 0.050481 0.055288
0 0.354567 0.228365 0.050481 0.052885
0 0.388221 0.608173 0.069712 0.028846
0 0.824519 0.605769 0.048077 0.033654
0 0.875000 0.084135 0.043269 0.057692
0 0.876202 0.614183 0.069712 0.036058
0 0.950721 0.647837 0.098558 0.050481