0 0.919471 0.170673 0.045673 0.019231
0 0.921875 0.145433 0.040865 0.016827
0 0.868990 0.230769 0.040865 0.019231
0 0.872596 0.164663 0.043269 0.016827
0 0.814904 0.171875 0.038462 0.016827
0 0.919471 0.195913 0.045673 0.016827
0 0.814904 0.156250 0.038462 0.019231
0 0.871394 0.176683 0.040865 0.016827
0 0.816106 0.132212 0.040865 0.019231
0 0.867788 0.245192 0.043269 0.019231
0 0.870192 0.201923 0.043269 0.014423
0 0.870192 0.215144 0.043269 0.016827
0 0.812500 0.230769 0.043269 0.019231
0 0.814904 0.193510 0.038462 0.016827
0 0.924279 0.132212 0.040865 0.019231
0 0.972356 0.168269 0.050481 0.019231
0 0.866587 0.269231 0.040865 0.019231
0 0.813702 0.215144 0.040865 0.016827
0 0.807692 0.253606 0.048077 0.016827
0 0.872596 0.149038 0.043269 0.024038
0 0.914663 0.230769 0.045673 0.019231
0 0.972356 0.193510 0.050481 0.021635
0 0.969952 0.217548 0.050481 0.021635
0 0.814904 0.118990 0.043269 0.016827
0 0.913462 0.243990 0.043269 0.016827
0 0.973558 0.152644 0.048077 0.016827