0 0.353365 0.175481 0.197115 0.091346
0 0.507212 0.639423 0.134615 0.081731
0 0.518029 0.212740 0.132212 0.074519
0 0.638221 0.171875 0.093750 0.069712
0 0.521635 0.122596 0.129808 0.081731
0 0.447115 0.379808 0.274038 0.057692
0 0.445913 0.480769 0.257212 0.076923
0 0.638221 0.248798 0.093750 0.060096
0 0.138221 0.153846 0.223558 0.081731
0 0.316106 0.676683 0.247596 0.108173
0 0.703125 0.500000 0.055288 0.043269
0 0.633413 0.368990 0.088942 0.040865
0 0.718750 0.276442 0.062500 0.048077
0 0.763221 0.546875 0.064904 0.045673
0 0.772837 0.295673 0.045673 0.038462
0 0.763221 0.468750 0.069712 0.033654
0 0.979567 0.507212 0.040865 0.024038
0 0.695913 0.568510 0.064904 0.050481
0 0.741587 0.237981 0.108173 0.043269